     PatientID Age      Sex.1.male.2.female.  Smoker.1.yes.2.no. VAS.at.inclusion Vas.12months
1           1  56                    1                  2              3.0          4.0
2           3  32                    1                  2              7.2          0.5
3           4  43                    2                  2              2.7          0.5
4           5  25                    2                  2              3.0          3.9
5           6  39                    1                  2              3.5          5.0
6           7  38                    2                  2              7.0          3.0
7           8  49                    1                  1              7.0          5.0
8           9  43                    2                  1              9.0          2.5
9          13  54                    2                  1              9.0          8.5
10         14  41                    1                  2              2.0          4.0
11         16  33                    2                  2              6.0          1.4
12         17  32                    2                  2              4.0          3.5
13         18  27                    1                  1              9.0          1.1
14         19  40                    2                  1             10.0          8.0
15         21  46                    2                  2              7.0          2.0
16         22  28                    2                  2              3.4          1.5
17         23  52                    2                  1              8.0          8.0
18         25  46                    1                  2              7.3          0.3
19         26  36                    1                  1              6.0          3.5
20         27  21                    1                  2             10.0          8.0
21         28  32                    2                  2             10.0          0.4
22         29  30                    1                  2              4.0          1.7
23         31  50                    1                  1              5.0          3.0
24         32  32                    1                  1              8.0          9.5
25         34  49                    1                  2              7.0          4.0
26         35  27                    2                  2              9.8          0.0
27         36  33                    1                  2              7.0          0.5
28         37  39                    2                  1             10.0          3.0
29         38  45                    1                  2              0.3          0.0
30         39  57                    1                  2              1.5          0.8
31         40  43                    2                  2              7.0          2.0
32         41  37                    1                  1              8.0          7.0
33         43  34                    2                  2              5.0          1.0
34         45  28                    2                  2              8.0          9.1
35         46  31                    1                  2              4.3          1.1
36         47  45                    1                  1              8.8          0.1
37         48  18                    1                  2              9.0          0.0
38         49  56                    1                  1              8.0          1.1
39         50  40                    1                  2              5.5          3.5
40         54  43                    2                  2              8.0          0.6
41         55  49                    2                  1              5.0          9.0
42         56  35                    2                  2              7.0          0.0
43         57  42                    2                  2              5.0          4.0
44         58  22                    1                  1             10.0          5.5
45         59  44                    1                  2              6.0          2.0
46         60  41                    1                  2              9.0          9.0
47         61  34                    2                  2              3.0          0.0
48         62  45                    2                  2              4.0          3.5
49         64  32                    2                  2              3.0          0.0
50         65  54                    1                  2             10.0          3.5
51         66  27                    1                  1              5.2          0.5
52         67  49                    2                  1              8.0          0.2
53         68  59                    2                  2              4.0          2.0
54         69  58                    1                  1              8.0          3.0
55         70  32                    2                  2              0.3          0.0
56         71  59                    2                  2              3.0          8.0
57         72  50                    1                  2              7.0          5.0
58         73  32                    1                  2              5.5          0.0
59         75  45                    2                  2             10.0          6.0
60         76  57                    2                  2              4.0          5.0
61         77  46                    2                  2              6.5          3.7
62         78  45                    2                  2              5.0          5.0
63         80  31                    1                  1              7.0          3.0
64         81  30                    2                  1              2.5          9.5
65         83  37                    2                  2              3.5          7.0
66         84  38                    1                  1              7.5          8.3
67         85  31                    1                  2             10.0         10.0
68         86  32                    2                  2              2.0          6.5
69         88  22                    2                  2              8.5          2.0
70         90  49                    2                  1              6.0          7.5
71         91  41                    1                  1              9.5          4.0
72         92  33                    1                  1              8.0          8.3
73         94  38                    1                  2              5.5          6.1
74         95  36                    2                  2              3.0          3.0
75         96  45                    1                  2              8.0          0.0
76         98  45                    2                  2              7.0          4.0
77         99  59                    1                  2              6.5          7.0
78        100  40                    2                  2              8.5          1.0
79        101  40                    1                  2              9.0          6.0
80        102  52                    1                  2              9.5          8.5
81        104  43                    1                  2              8.0          7.0
82        105  45                    1                  1              5.0          5.0
83        108  58                    2                  2              3.0          1.0
84        109  50                    1                  1              5.5          2.0
85        111  41                    2                  2              7.0          6.1
86        112  29                    2                  2              8.0          9.0
87        113  58                    1                  2              3.0          0.3
88        114  50                    1                  2              0.0          0.0
89        117  43                    1                  1              4.5          3.6
90        118  52                    2                  1              3.0          3.0
91        119  41                    1                  2              6.5          0.5
92        121  34                    1                  1              6.5          0.2
93        122  44                    1                  2              8.0          5.0
94        124  29                    2                  2              4.0          1.3
95        126  41                    2                  1              6.5          0.0
96        127  35                    1                  2              9.0         10.0
97        128  57                    2                  2              8.0          4.0
98        129  28                    1                  2              0.5          0.1
99        130  58                    2                  1              6.0          5.0
100       131  35                    2                  2              2.0          0.2
101       132  42                    2                  2              7.5          4.0
102       133  42                    2                  1              7.0          4.0
103       134  31                    2                  2              7.0          4.0
104       135  43                    2                  1              2.0          4.5
105       136  25                    1                  2              3.0          0.0
106       137  44                    2                  1              1.0          0.0
107       138  49                    1                  2             10.0          3.9
108       139  31                    2                  2              3.5          0.8
109       140  52                    1                  1              8.5          9.0
110       141  32                    2                  2              2.0          0.0
111       142  55                    1                  1              4.0          0.0
112       143  55                    1                  1              6.0          2.0
113       149  46                    2                  2              5.0          9.0
114       150  57                    1                  1              1.0          9.0
115       151  25                    2                  2              8.0          6.0
116       152  53                    1                  2              9.0          1.2